%YAML:1.0
---
K: !!opencv-matrix
   rows: 3
   cols: 3
   dt: d
   data: [ 7.8299315565412314e+02, 0., 3.3016856134808484e+02, 0.,
       8.3457197488223483e+02, 1.7998472231881289e+02, 0., 0., 1. ]
D: !!opencv-matrix
   rows: 1
   cols: 5
   dt: d
   data: [ -3.1397616177742817e-02, 1.0258111462545778e-01,
       -1.0408055229469505e-02, 1.0904567181714260e-02,
       -5.0664857115578321e-01 ]
